C	0.000000	0.000000	0.000000
C	1.000000	1.400000	0.000000
C	2.000000	1.400000	1.000000
C	3.000000	1.400000	2.000000
C	4.000000	1.400000	3.000000
C	5.000000	1.400000	4.000000
C	6.000000	1.340000	5.000000
C	1.000000	1.340000	2.000000
C	8.000000	1.340000	1.000000
C	7.000000	1.340000	6.000000
O	7.000000	1.240000	6.000000
H	11.000000	0.890000	7.000000
O	5.000000	1.240000	4.000000
H	13.000000	0.890000	5.000000
O	3.000000	1.240000	4.000000
H	15.000000	0.890000	3.000000
O	8.000000	1.240000	1.000000
O	9.000000	1.240000	8.000000
H	17.000000	0.890000	8.000000
H	18.000000	0.890000	9.000000
H	10.000000	0.990000	7.000000
F	2.000000	1.390000	3.000000
F	4.000000	1.390000	3.000000
